variant	b	se	p	K
T1206469C	-0.356	0.0699	0.355	0.5
T1216249C	-0.337	0.0695	0.328	0.5
C1249780T	-0.333	0.0695	0.107	0.5
C1250385A	-0.333	0.0695	0.107	0.5
A1250938G	-0.333	0.0689	0.108	0.5
Unitig 1	0.35	0.0666	0.835	0.5
Unitig 2	0.349	0.0674	0.84	0.5
Unitig 3	0.326	0.0614	0.756	0.5
Unitig 4	0.323	0.0639	0.76	0.5
Unitig 5	0.323	0.0639	0.76	0.5
Unitig 6	0.323	0.0639	0.76	0.5
Unitig 7	0.323	0.0639	0.76	0.5
Unitig 8	0.336	0.0632	0.758	0.5
Unitig 9	0.344	0.0627	0.758	0.5
Unitig 10	-0.368	0.0695	0.156	0.5
Unitig 11	-0.356	0.0699	0.355	0.5
Unitig 12	-0.354	0.0695	0.417	0.5
Unitig 13	-0.364	0.0697	0.418	0.5
Unitig 14	0.357	0.0693	0.673	0.5
Unitig 15	0.355	0.0701	0.673	0.5
Unitig 16	0.329	0.0636	0.762	0.5
Unitig 17	-0.364	0.0716	0.321	0.5
Unitig 18	-0.376	0.0687	0.157	0.5
Unitig 19	-0.368	0.0676	0.156	0.5
Unitig 20	-0.331	0.0643	0.233	0.5
arnC	0.333	0.0646	0.76	0.5
group_1981	0.33	0.0761	0.666	0.5
